,c_1,c_c,c_mu,n_eval,fitness
0,0.16167201109450016,0.7869937465185232,0.16656661954968574,1,10.953560366068208
1,0.16051419904264286,0.46618936667559424,0.17848529501196508,1,10.644674661687558
2,0.12890645723513705,0.9813062217204406,0.26629694963997996,1,11.24760317136042
3,0.11295596963645818,0.8712135320098422,0.14615393432558613,1,11.017367466335429
4,0.16733718453748173,1.018525722536502,0.01962998508182488,1,11.185862907073984
5,0.025666950625669864,0.02224830666998026,0.23008477048946868,1,10.25575172111514
6,0.22923300168919308,0.9573605988275464,0.27042974999140346,1,11.22779034881895
7,0.23541981262439954,0.507811482268732,0.2156901223847461,1,10.743231294893132
8,0.03484182541873085,0.7041685261694197,0.03961400681089371,1,10.743782532980314
9,0.27828492291999835,0.5742414319323561,0.11458698444864822,1,10.852526354852355
10,0.07793401137038239,0.8519660674196939,0.1260518171142929,1,10.978017884533987
11,0.16745189218258064,0.020676279789711337,0.17067635650376797,1,10.338128248686349
12,0.1803139787317984,0.6788736247824553,0.2607937598484883,1,10.939667384630944
13,0.20085376575520794,0.3956021759812388,0.12076867651444437,1,10.596455941736448
14,0.2055114126032106,0.06627205574066532,0.18425319491679182,1,10.389764607520004
15,0.19755959414522115,0.23150478422444437,0.035627276679253674,1,10.429064378369667
16,0.09292033720964626,0.40022701081970874,0.15756721840937749,1,10.557794229229087
17,0.12920525505133132,1.0876056976636828,0.0281988917104781,1,11.216810952715015
18,0.06153187738109877,0.17750485088071577,0.18047885835651226,1,10.35798370923723
19,0.04816323110365817,0.4486346118633365,0.014961124884875972,1,10.496797842966995
20,0.028971463524103347,0.4633864582903616,0.2647015848558152,1,10.728088043146178
