,c_1,c_c,c_mu,n_eval,fitness
0,0.16167201109450016,0.7869937465185232,0.16656661954968574,1,7977.04
1,0.16051419904264286,0.46618936667559424,0.17848529501196508,1,11313.72
2,0.12890645723513705,0.9813062217204406,0.26629694963997996,1,7717.24
3,0.11295596963645818,0.8712135320098422,0.14615393432558613,1,4922.08
4,0.16733718453748173,1.018525722536502,0.01962998508182488,1,2604.44
5,0.025666950625669864,0.02224830666998026,0.23008477048946868,1,10549.4
6,0.22923300168919308,0.9573605988275464,0.27042974999140346,1,11894.96
7,0.23541981262439954,0.507811482268732,0.2156901223847461,1,12705.28
8,0.03484182541873085,0.7041685261694197,0.03961400681089371,1,1446.6
9,0.27828492291999835,0.5742414319323561,0.11458698444864822,1,12584.16
10,0.07793401137038239,0.8519660674196939,0.1260518171142929,1,2811.2
11,0.16745189218258064,0.020676279789711337,0.17067635650376797,1,10952.56
12,0.1803139787317984,0.6788736247824553,0.2607937598484883,1,11646.44
13,0.20085376575520794,0.3956021759812388,0.12076867651444437,1,14364.12
14,0.2055114126032106,0.06627205574066532,0.18425319491679182,1,11934.32
15,0.19755959414522115,0.23150478422444437,0.035627276679253674,1,14138.44
16,0.09292033720964626,0.40022701081970874,0.15756721840937749,1,7008.56
17,0.12920525505133132,1.0876056976636828,0.0281988917104781,1,1851.88
18,0.06153187738109877,0.17750485088071577,0.18047885835651226,1,11217.16
19,0.047292304159400896,0.4501995579928079,0.03816916070385784,1,1494.56
20,0.0,0.9120015107637556,0.0,1,1568.04
21,0.0,0.4745698410076156,0.0,1,1568.04
22,0.03699549949358432,0.22804987989757544,0.014222360567700973,1,1758.44
23,0.04948201994913981,0.807010888010014,0.11286869070369553,1,2042.56
24,0.06539575902507373,0.9581530731774759,0.05712441932044362,1,1770.32
25,0.11963290857108225,1.088712821802637,0.12449017752663244,1,3417.8
26,0.0,0.7547559869462516,0.0,1,1568.04
27,0.0,0.3553862800621868,0.0,1,1568.04
28,0.0,0.6965377034653217,0.04923513588513656,1,1492.96
29,0.23720636004818804,0.5740200653503689,0.2510945064716669,1,13660.4
30,0.11832770871745545,0.9331153392750595,0.19836923724268837,1,5073.92
31,0.0,0.22112487607197984,0.0,1,1568.04
32,0.0,1.0712632206270054,0.0,1,1568.04
33,0.2614548741152876,0.09171734313729507,0.2063042757828286,1,12338.8
34,0.08808040211297277,0.5917343640739782,0.18393839648527105,1,5969.96
35,0.0,0.4312927835399577,0.041747129560607166,1,1450.84
36,0.0,0.8490381066689089,0.09213087653838947,1,1774.12
37,0.058157271768855594,1.0447797664011218,0.13170295064548512,1,2745.28
38,0.019085186876588223,0.7591196607100363,0.15258513223634576,1,2580.4
39,0.01983281064042432,0.8488975482811636,0.13291434774343078,1,2312.16
40,0.0,0.2662143571196685,0.0,1,1568.04
41,0.0796948087344173,0.7604212911442418,0.06090621415834805,1,2000.92
42,0.28822950982280215,0.9299404947926981,0.017982837593934948,1,7438.04
43,0.1431775077499141,0.8882634034535383,0.23329038012293385,1,8702.32
44,0.054766587487351304,0.45237421735036815,0.032435361669519505,1,1502.72
45,0.0832982877889057,0.8373375499273803,0.0745263816377612,1,2228.52
46,0.018370495899025036,0.7855726377656574,0.048731815421577084,1,1448.72
47,0.020845950235743035,0.8173614119799713,0.04250491403822897,1,1439.36
48,0.038013130194371574,0.7066219220258053,0.13226759745371822,1,2981.52
49,0.0482089850500671,1.0592527872080668,0.09579595106665392,1,2102.92
50,0.2033986864863913,0.42248203876187096,0.1275142328595543,1,14042.88
51,0.019418584076680793,0.7045395823133573,0.0,1,1256.68
52,0.023436435976344885,0.38668841917572355,0.045218666157570635,1,1430.68
53,0.024101245844721998,0.859932757642175,0.0,1,1249.76
54,0.08172498911104412,0.8992844660699738,0.030769332381591036,1,1471.8
55,0.0421766940185522,0.8884172727920454,0.10037011191340187,1,2063.24
56,0.03047111163102064,0.8203208742080902,0.077921622896423,1,1721.52
57,0.03746909498265262,0.8933535713116476,0.06020824042006792,1,1564.52
58,0.1975033682583022,0.6038431048167063,0.0432264717497489,1,8904.76
59,0.08463568532913042,0.4955653877823884,0.08398261631301629,1,3006.4
60,0.02047965978042167,0.7757621985500888,0.08695729572163272,1,1707.84
61,0.17897336223348967,0.18764459495971741,0.017976248010450075,1,17081.25
62,0.03389330437522261,0.6702162813995597,0.03686103513411272,1,1371.68
63,0.03274877734305024,0.810384528993827,0.0,1,1235.24
64,0.06698774069750099,1.056770295424963,0.0,1,1146.32
65,0.017101032145409225,0.8315338543183797,0.017851775953391904,1,1290.32
66,0.1581523991929038,0.3229229242823781,0.002929753502044116,1,12567.916666666666
67,0.005152336567502471,0.9810864585168718,0.07871803254112604,1,1590.08
68,0.04993424312702653,1.0307944146500791,0.0,1,1196.68
69,0.04285229694428716,1.07031935921351,0.25124084341493363,1,4365.92
70,0.0,0.38246401711338607,0.0450310581639657,1,1423.68
71,0.005899926286337621,0.49609307799382885,0.013105410998638992,1,1301.6
72,0.014032442421722,0.43388000396292425,0.1026917947295836,1,1841.44
73,0.016079438785605422,1.0929792122816888,0.05403972435658729,1,1518.88
74,0.005791509921131097,0.39455753293928464,0.08379281223382827,1,1640.12
75,0.16207907724379145,1.0874822693701423,0.1407265657153885,1,5715.2
76,0.024432181342890918,0.30910712274235685,0.11858829917449329,1,2473.08
77,0.1520412644584441,0.2644221758062531,0.13970873505451467,1,13999.44
78,0.12792282497233284,0.7090905068352307,0.26577300738489046,1,9935.68
79,0.09939193500094498,1.092101254589565,0.036349562358224764,1,1677.96
80,0.011744201486260028,0.5127958276782756,0.10152400761727809,1,1859.12
81,0.00517782751273692,0.5137324477048624,0.25148622925205355,1,3921.32
82,0.2845355869447244,0.4399692732922979,0.08694814583390044,1,14219.916666666666
83,0.07533218358006721,0.6618184094220565,0.06270153565593274,1,2004.12
84,0.19537631659808785,0.6933927177302384,0.1520608665820916,1,9930.44
85,0.0065562295514630265,0.8484547294362756,0.013599333699668512,1,1314.32
86,0.013592127511619173,1.066932010579424,0.10239538073652404,1,1874.56
87,0.221068966135461,0.577373434570368,0.22267416949484833,1,13224.48
88,0.057004835302247654,0.5117169408343923,0.052757827438763644,1,1657.64
89,0.14385909974951097,0.5822058373691672,0.27418233791465624,1,12075.08
90,0.03028780925593134,0.6603256774544743,0.03765398355731299,1,1345.92
91,0.014405895813080178,0.48598725095263395,0.19383638781801601,1,3292.72
92,0.07112296623547863,0.9966533128445006,0.043996331234618304,1,1560.28
93,0.1767363946090665,0.1435679254186049,0.009580745223946502,1,16317.041666666666
94,0.04217571232063255,0.2428817429230082,0.07694722130521121,1,2476.6
95,0.08356139627383755,1.0011241521087406,0.031043236704033333,1,1397.6
96,0.1610524512890521,0.4877992667001863,0.009965121873967697,1,7877.92
