,r0,r1,r2,d0,d1,d2,d3,d4,d5,d6,d7,d8,d9,d10,n_eval,fitness
0,0.19208472637456364,0.7151893663724195,0.21096718162507536,1,1,0,1,1,1,1,0,1,0,2,1,20344.0
1,0.19070911404891389,0.4236547993389047,0.22606293957332962,0,1,1,1,0,0,1,1,1,2,0,1,2061.12
2,0.15315552394194237,0.8917730007820798,0.3372819661753602,1,0,0,0,0,0,1,1,0,2,1,1,125000.0
3,0.13420453158902218,0.7917250380826646,0.18511322191351656,0,0,1,0,1,0,1,0,0,2,2,1,2250.08
4,0.1988155963828763,0.925596638292661,0.02486262036926043,1,0,1,1,0,0,1,0,1,2,2,1,1621.44
5,0.030495254895539246,0.02021839744032572,0.2914169459417783,0,1,1,0,0,0,0,1,0,1,1,1,12451.333333333334
6,0.27235486283244764,0.8700121482468192,0.3425164197814674,0,1,1,0,0,1,1,0,1,2,2,1,6467.428571428572
7,0.2797054974758532,0.46147936225293185,0.2731852117002594,0,0,1,1,1,0,1,0,1,2,1,1,145824.0
8,0.041396049054126624,0.6399210213275238,0.05017365059316624,0,1,1,1,1,1,1,0,1,2,0,1,1005.76
9,0.33063412096735434,0.5218483217500717,0.14513167899668325,0,0,0,0,0,0,1,0,1,2,2,1,125026.0
10,0.22104929251907665,0.8595364459002497,0.011698212260912624,1,0,1,1,1,0,1,0,1,2,1,1,4792.789473684211
11,0.08285028032569552,0.26200554459237957,0.2475343068158831,0,0,1,1,1,1,1,0,1,2,1,1,8674.857142857143
12,0.25571990346913637,0.4668142197354601,0.04568493154099373,0,0,1,1,1,1,0,0,0,2,0,1,2777.6
13,0.26084127669442403,0.4839120291789056,0.05838020947686918,1,0,1,1,0,0,1,0,1,0,0,1,2233.28
14,0.27015513131903224,0.5742881111829943,0.11898429663159689,0,1,1,1,0,1,1,1,1,0,0,1,4370.0
15,0.285534191729445,0.434055423593976,0.0335927003304598,0,0,1,0,1,0,0,1,0,2,0,1,1700.56
16,0.2869494534255239,0.11037623689023329,0.02489876888980589,1,0,1,0,0,0,1,0,0,2,0,1,2408.32
17,0.2991754025021088,0.39571155682161085,0.023051095315349646,0,1,1,1,1,0,0,1,0,0,0,1,2047.56
18,0.2934536703463228,0.9538334528157592,0.11547437660832165,0,0,1,1,1,0,0,1,1,2,0,1,125000.0
19,0.07417115226654274,0.5644600217188223,0.11539071624714757,1,1,1,1,1,0,1,0,1,2,0,1,717.8
20,0.2073636258877158,0.43579760914614474,0.18505940038178514,1,0,1,0,1,0,0,1,0,2,1,1,125000.0
21,0.2772609434207929,0.4780897129019334,0.018477141493178473,0,0,1,1,1,0,0,1,0,2,0,1,732.12
22,0.15365863877350588,0.4599496781455431,0.13849710721881475,0,0,1,1,1,0,0,1,1,0,0,1,907.48
23,0.278051066670152,0.4901771686369809,0.04616943867095082,1,1,1,1,1,0,0,0,1,2,1,1,3408.08
24,0.12746527763161525,0.47981314312753265,0.2101535701148553,0,0,1,1,0,0,0,1,1,2,1,1,868.16
25,0.19072722405731796,0.5827680553233764,0.16269276431458615,0,0,1,1,1,0,0,0,0,2,2,1,869.32
26,0.20296661910199104,0.4841475373509801,0.11045301773840127,0,1,1,1,1,0,0,0,0,1,1,1,1234.28
27,0.2871042915516042,0.3483613227943239,0.09474919034801466,0,1,1,1,0,1,1,1,0,1,1,1,1754.56
28,0.2067258166673931,0.5807602208895072,0.2077140565048243,0,0,1,1,1,0,0,1,1,2,1,1,6943.444444444444
29,0.28201972784327933,0.46139808760293854,0.1478733015100619,0,1,1,1,1,1,0,1,0,1,2,1,5053.705882352941
30,0.04330733439720127,0.5206546949807902,0.33159158574777814,0,1,1,1,1,0,0,0,1,2,0,1,1560.52
31,0.1159949045967811,0.5107951297492266,0.34179079830020337,0,0,1,1,0,0,1,1,0,2,2,1,3109.818181818182
32,0.029601065538918468,0.5943942844182418,0.3164665735816854,0,0,1,1,1,0,0,1,1,2,1,1,2359.9583333333335
33,0.28114860359127775,0.46436414532517095,0.0866820393978819,0,1,1,1,0,0,0,1,1,0,0,1,1486.4
34,0.13462174144997716,0.7154200741713895,0.3265960132524849,1,1,1,1,1,1,1,1,1,0,1,1,125000.0
